kinematics:
  shoulder:
    x: 0
    y: 0
    z: 0.1519478
    roll: -0
    pitch: 0
    yaw: 8.64e-05
  upper_arm:
    x: -9.63e-05
    y: 0
    z: 0
    roll: 1.57220
    pitch: 0
    yaw: -4.18e-05
  forearm:
    x: -0.243779
    y: 0
    z: 0
    roll: 0.0012988
    pitch: 0.0006
    yaw: -4.43e-05
  wrist_1:
    x: -0.2131859
    y: -0.0003953
    z: 0.1125042
    roll: 0.0035138
    pitch: 0.0009726
    yaw: -1.222e-05
  wrist_2:
    x: 2.63416e-05
    y: -0.085292
    z: -0.0001218
    roll: 1.572224
    pitch: 0
    yaw: 9.90e-05
  wrist_3:
    x: -2.797e-05
    y: 0.08234657
    z: -0.000124510
    roll: 1.569284294101479
    pitch: 3.141592653589793
    yaw: 3.141590977296417
  hash: calib_10751780038636770528
