kinematics:
  shoulder:
    x: 0
    y: 0
    z: 0.1519478226475521
    roll: -0
    pitch: 0
    yaw: 8.640914019426849e-05
  upper_arm:
    x: -9.635243938665538e-05
    y: 0
    z: 0
    roll: 1.572201282805483
    pitch: 0
    yaw: -4.182657844581323e-05
  forearm:
    x: -0.2437789326375659
    y: 0
    z: 0
    roll: 0.00129879656280674
    pitch: 0.000599211786478507
    yaw: -4.433801770329579e-05
  wrist_1:
    x: -0.2131858875529133
    y: -0.0003953180772022902
    z: 0.1125042168000917
    roll: 0.003513792295809702
    pitch: 0.0009725560027821544
    yaw: -1.221810124224252e-05
  wrist_2:
    x: 2.63415930479298e-05
    y: -0.08529190559753358
    z: -0.0001218316558301378
    roll: 1.572224734005604
    pitch: 0
    yaw: 9.900230285261187e-05
  wrist_3:
    x: -2.797353466361171e-05
    y: 0.08234657394970647
    z: -0.0001245108068901827
    roll: 1.569284294101479
    pitch: 3.141592653589793
    yaw: 3.141590977296417
  hash: calib_10751780038636770528